Aa Du St Be Nu Mu Ha Fr Ba
Aa 0 8 46 64 47 64 49 26 57
Du 8 0 41 57 44 63 43 23 54
St 46 41 0 63 19 22 70 20 27
Be 64 57 63 0 44 60 29 56 88
Nu 47 44 19 44 0 17 63 22 43
Mu 64 63 22 60 17 0 80 49 37
Ha 49 43 70 29 63 80 0 50 83
Fr 26 23 20 56 22 49 50 0 34
Ba 57 54 27 88 43 37 83 34 0
