1 2 3 4 5 6
1 0 78 60 25 101 51
2 78 0 26 60 49 91
3 60 26 0 49 55 90
4 25 60 49 0 93 52
5 101 49 55 93 0 51
6 51 91 90 52 51 0
